%%
initline_straight(:,:,3) = [
    618.25	-63.65	532.02	-63.65
];
initline_straight(:,:,2) = [
    588.14	63.65	500.53	63.65
];
initline_straight(:,:,1) = [
    618.25	63.65	530.65	63.65
];

initline_halfleft(:,:,1) = [
    652.47	69.13	562.13	69.13
];

initline_halfleft(:,:,2) = [
    657.95	71.86	566.24	74.6
];

initline_halfleft(:,:,3) = [
    636.05	71.86	545.7	71.86
];

initline_fullleft(:,:,1) = [
    620.99	60.91	519.7	60.91
];

initline_fullleft(:,:,2) = [
    666.16	62.28	568.97	66.39
];

initline_fullleft(:,:,3) = [
    631.94	60.91	534.75	59.54
];

%%
%needs to be flipped vertically
track_straight(:,:,3) = [
    682.59	99.24	633.31	17.11	585.4	100.61
    581.29	-132.09	485.48	-130.72	534.75	-47.22
    480.55	95.1	430.93	12.4	382.97	95.1
    382.91	-129.83	285.39	-129.83	333.35	-47.14
    278.77	95.1	229.16	10.75	182.85	95.1
    187.81	-134.79	93.54	-133.14	141.5	-50.44
    93.99	96.5	44.71	17.11	-0.46	99.24
    -3.19	-133.46	-97.64	-130.72	-48.36	-49.96
    -97.64	93.76	-145.55	11.63	-192.09	96.5
    -201.67	-132.09	-297.49	-126.77	-244.26	-48.59
    -294.75	95.13	-346.77	15.74	-390.57	99.24
    -401.52	-132.09	-500.08	-127.98	-448.06	-47.22
    -491.86	99.24	-543.88	18.48	-589.05	101.98
    -604.11	-125.25	-698.56	-121.14	-647.91	-40.38
];
%flip:
track_straight(:,2,3) = -track_straight(:,2,3);
track_straight(:,4,3) = -track_straight(:,4,3);
track_straight(:,6,3) = -track_straight(:,6,3);
initline_straight(:,2,3) = -initline_straight(:,2,3);
initline_straight(:,4,3) = -initline_straight(:,4,3);


track_straight(:,:,2) = [
    655.21	-97.87	558.02	-97.87	607.3	-14.37
    555.29	130.72	504.64	48.59	456.73	130.72
    451.25	-100.61	354.07	-99.24	403.35	-17.11
    352.7	125.25	303.42	44.49	256.88	126.62
    250.04	-104.71	155.59	-101.98	203.5	-21.22
    155.59	122.51	107.68	40.38	62.51	123.88
    55.67	-100.61	-38.78	-100.61	9.13	-18.48
    -44.26	122.51	-92.17	40.38	-138.71	122.51
    -137.37	-103.35	-231.79	-101.98	-182.51	-22.59
    -229.05	122.51	-276.96	40.38	-322.13	123.88
    -330.34	-103.35	-427.53	-104.71	-376.88	-22.59
    -428.9	121.14	-479.54	39.01	-524.71	122.51
    -532.93	-107.45	-630.11	-104.71	-580.84	-23.95
    -630.11	119.77	-680.76	37.64	-723.19	121.14
];

%different file no. (4) !
track_straight(:,:,1) = [
    683.95	-99.24	588.14	-101.98	636.05	-14.11
    579.92	126.62	532.02	43.12	484.11	126.62
    486.84	-103.35	389.66	-101.98	438.94	-19.85
    389.66	121.14	340.38	40.38	293.84	121.14
    293.84	-106.08	199.39	-106.08	245.93	-23.95
    192.55	117.03	146.01	36.27	98.1	117.03
    93.99	-110.19	-0.46	-110.19	46.08	-29.43
    -5.93	112.93	-53.84	32.17	-100.38	114.3
    -105.86	-117.03	-198.94	-115.67	-151.03	-33.54
    -200.3	107.45	-246.84	25.32	-296.12	107.45
    -301.6	-117.03	-397.41	-118.4	-349.51	-34.9
    -405.63	104.71	-453.54	22.59	-501.44	104.71
    -495.91	-122.51	-593.16	-122.51	-543.88	-40.38
    -590.42	103.35	-638.33	22.59	-684.87	104.71
];

%%
track_halfleft(:,:,1) = [
    719.54	-99.24	623.73	-96.5	674.37	-14.37
    625.1	133.46	571.71	52.7	519.7	134.83
    519.7	-101.98	422.51	-103.35	470.42	-19.85
    418.4	125.25	369.13	41.75	314.37	121.14
    321.22	-110.19	225.4	-117.03	266.46	-32.17
    208.97	114.3	166.54	29.43	109.05	106.08
    129.58	-126.62	35.13	-134.83	74.83	-48.59
    6.39	89.66	-33.31	4.79	-92.17	78.71
    -57.95	-148.52	-151.03	-160.57	-116.81	-73.23
    -189.35	63.65	-227.68	-22.59	-289.28	51.33
    -255.06	-182.74	-349.51	-197.79	-316.65	-110.19
    -393.31	26.69	-428.9	-62.28	-493.23	8.9
    -449.43	-223.8	-543.88	-244.33	-513.76	-152.62
    -595.89	-18.48	-627.38	-110.19	-694.45	-41.75
];

track_halfleft(:,:,2) = [
    723.65	-95.13	629.2	-93.76	678.48	-11.64
    626.46	141.67	577.19	60.91	523.8	141.67
    523.8	-95.13	429.35	-96.5	475.89	-14.37
    421.14	132.09	371.86	48.59	318.48	129.35
    336.27	-103.35	239.09	-108.82	282.89	-25.32
    217.19	118.4	173.38	34.9	115.89	111.56
    139.16	-121.14	41.98	-130.72	80.3	-44.49
    15.97	96.5	-23.73	7.53	-82.59	85.55
    -57.95	-148.52	-152.4	-159.47	-116.82	-71.86
    -187.98	65.02	-222.21	-22.59	-285.17	49.96
    -250.95	-178.63	-345.4	-195.06	-313.92	-106.08
    -390.57	33.54	-424.79	-56.81	-491.86	13
    -441.22	-216.96	-537.03	-236.12	-506.92	-145.78
    -591.79	-13	-617.79	-104.71	-686.24	-34.9
];

track_halfleft(:,:,3) = [
    703.12	-91.4	608.67	-93.76	656.58	-11.64
    603.19	138.94	553.92	58.17	501.9	137.57
    506.01	-97.87	406.08	-100.61	453.99	-15.74
    396.5	127.98	348.59	44.49	293.84	125.25
    306.16	-111.56	208.97	-118.4	251.41	-33.54
    192.55	108.82	148.75	22.59	89.89	100.61
    109.05	-129.35	15.97	-140.3	54.3	-54.07
    -12.78	88.29	-51.1	0.68	-111.33	74.6
    -78.48	-153.99	-174.3	-169.05	-138.71	-81.44
    -211.25	54.07	-248.21	-32.17	-311.18	39.01
    -267.38	-189.58	-361.83	-208.75	-328.97	-118.4
    -412.47	17.11	-445.32	-73.23	-513.76	-3.42
    -464.49	-234.75	-557.57	-255.29	-528.82	-163.57
    -615.06	-33.54	-645.17	-122.51	-712.24	-55.44
];

%%
track_fullleft(:,:,1) = [
    682.59	-110.19	588.14	-108.82	638.78	-26.69
    582.66	126.62	529.28	43.12	473.16	122.51
    498.58	-115.67	392.4	-122.51	434.83	-36.27
    366.39	111.56	321.22	28.06	259.62	101.98
    291.1	-137.57	193.92	-151.25	228.14	-60.91
    156.96	78.71	120	-8.9	50.19	59.54
    99.47	-173.16	6.39	-195.06	35.13	-103.35
    -49.73	29.43	-75.74	-60.91	-152.4	3.42
    -88.06	-222.43	-179.77	-252.55	-157.87	-159.47
    -255.06	-29.43	-275.59	-121.14	-356.35	-65.02
    -270.11	-288.14	-356.35	-322.36	-344.03	-230.65
    -450.8	-111.56	-465.86	-204.64	-549.35	-151.25
    -443.95	-366.16	-530.19	-409.96	-526.08	-315.51
    -643.8	-201.9	-652.02	-294.98	-736.88	-249.81
];

track_fullleft(:,:,2) = [
    723.65	-107.45	630.57	-104.71	682.59	-25.32
    634.68	132.09	579.92	51.33	525.17	133.46
    530.65	-108.82	434.83	-111.56	481.37	-26.69
    419.77	119.77	371.86	37.64	311.64	114.3
    340.38	-121.14	247.3	-133.46	282.89	-47.22
    207.6	97.87	170.65	13	102.21	84.18
    146.01	-152.62	50.19	-173.16	83.04	-82.81
    2.28	51.33	-30.57	-34.9	-100.38	30.8
    -42.89	-199.16	-133.23	-225.17	-111.33	-134.83
    -200.3	-6.16	-224.94	-97.87	-304.33	-37.64
    -227.68	-260.76	-319.39	-296.35	-301.6	-200.53
    -407	-74.6	-423.42	-170.42	-505.55	-117.03
    -402.89	-336.05	-495.97	-377.11	-485.02	-281.29
    -597.26	-167.68	-606.84	-262.13	-695.82	-212.85
];

track_fullleft(:,:,3) = [
    694.91	-108.82	600.46	-110.19	649.73	-28.06
    597.72	122.51	545.7	40.38	485.48	119.77
    503.27	-119.77	407.45	-129.35	448.52	-43.12
    380.08	99.24	339.01	14.37	273.31	86.92
    304.79	-147.15	210.34	-163.57	243.19	-74.6
    169.28	67.76	135.06	-19.85	65.25	47.22
    118.63	-185.48	26.92	-208.75	54.3	-118.4
    -33.31	14.37	-62.05	-74.6	-137.34	-13
    -59.32	-238.86	-152.4	-268.97	-133.23	-177.26
    -235.89	-49.96	-257.79	-143.04	-337.19	-86.92
    -248.21	-310.04	-338.56	-349.73	-324.87	-253.92
    -434.37	-136.2	-448.06	-230.65	-532.93	-178.63
    -424.79	-396.27	-511.03	-438.71	-506.92	-344.26
    -624.64	-236.12	-628.75	-330.57	-716.35	-288.14
];

%%
%flip all to go right and up instead of left and down
% initline_straight(:,[1,3],:) = -initline_straight(:,[1,3],:);
% initline_halfleft(:,[1,3],:) = -initline_halfleft(:,[1,3],:);
% initline_fullleft(:,[1,3],:) = -initline_fullleft(:,[1,3],:);
% 
% track_straight(:,[1,3,5],:) = -track_straight(:,[1,3,5],:);
% track_halfleft(:,[1,3,5],:) = -track_halfleft(:,[1,3,5],:);
% track_fullleft(:,[1,3,5],:) = -track_fullleft(:,[1,3,5],:);
initline_straight(:,:,:) = -initline_straight(:,:,:);
initline_halfleft(:,:,:) = -initline_halfleft(:,:,:);
initline_fullleft(:,:,:) = -initline_fullleft(:,:,:);

track_straight(:,:,:) = -track_straight(:,:,:);
track_halfleft(:,:,:) = -track_halfleft(:,:,:);
