model_straight(:,:) = [
    0	0
    90	-51.96
    180	0
    270	-51.96
    360	0
    450	-51.96
    540	0
    630	-51.96
    720	0
    810	-51.96
    900	0
    990	-51.96
    1080	0
    1170	-51.96
];

model_halfleft(:,:) = [
    0	0
    91.99	-50.76
    181.94	3.52
    275.83	-43.64
    363.61	14.08
    459.25	-29.41
    544.74	31.66
    641.99	-8.1
    725.05	56.24
    823.77	20.28
    904.27	87.78
    1004.31	55.66
    1082.14	126.23
    1183.35	98.01
];

model_fullleft(:,:) = [
    0	0
    93.95	-49.47
    183.77	7.16
    281.28	-34.85
    366.43	28.59
    466.91	-5.7
    546.86	64.17
    649.71	37.8
    723.98	113.68
    828.57	95.39
    896.71	176.82
    1002.41	166.72
    1064.01	253.2
    1170.17	251.35
];